coef_dec4 = [0.010074615478515625
-0.018924713134765625                                      
 0.023006439208984375                                       
-0.019092559814453125                                       
 0.009906768798828125                                       
-0.003925323486328125                                       
 0.010162353515625                                          
-0.0308380126953125                                         
 0.057315826416015625                                       
-0.07369232177734375                                        
 0.067188262939453125                                       
-0.038959503173828125                                       
 0.006855010986328125                                       
 0.00411224365234375                                        
 0.0207061767578125                                         
-0.071590423583984375                                       
 0.115406036376953125                                       
-0.11447906494140625                                        
 0.05336761474609375                                        
 0.044338226318359375                                       
-0.123958587646484375                                       
 0.132251739501953125                                       
-0.057086944580078125                                       
-0.052089691162109375                                       
 0.101314544677734375                                       
-0.003475189208984375                                       
-0.2625579833984375                                         
 0.6209259033203125                                         
-0.919826507568359375                                       
 1                                                          
-0.7771148681640625                                         
 0.293247222900390625                                       
 0.293247222900390625                                       
-0.7771148681640625                                         
 1                                                          
-0.919826507568359375                                       
 0.6209259033203125                                         
-0.2625579833984375                                         
-0.003475189208984375                                       
 0.101314544677734375                                       
-0.052089691162109375                                       
-0.057086944580078125                                       
 0.132251739501953125                                       
-0.123958587646484375                                       
 0.044338226318359375                                       
 0.05336761474609375                                        
-0.11447906494140625                                        
 0.115406036376953125                                       
-0.071590423583984375                                       
 0.0207061767578125                                         
 0.00411224365234375                                        
 0.006855010986328125                                       
-0.038959503173828125                                       
 0.067188262939453125                                       
-0.07369232177734375                                        
 0.057315826416015625                                       
-0.0308380126953125                                         
 0.010162353515625                                          
-0.003925323486328125                                       
 0.009906768798828125                                       
-0.019092559814453125                                       
 0.023006439208984375                                       
-0.018924713134765625                                       
 0.010074615478515625 ];

coef_dec4 = coef_dec4.' ;

coef_dec8 = [-0.0014190673828125                                         
 0.002490997314453125                                       
-0.002956390380859375                                       
 0.002361297607421875                                       
-0.000904083251953125                                       
-0.000614166259765625                                       
 0.0013275146484375                                         
-0.001056671142578125                                       
 0.000598907470703125                                       
-0.00125885009765625                                        
 0.003753662109375                                          
-0.0073699951171875                                         
 0.01007843017578125                                        
-0.009792327880859375                                       
 0.005977630615234375                                       
-0.0003662109375                                            
-0.004024505615234375                                       
 0.00505828857421875                                        
-0.003345489501953125                                       
 0.002193450927734375                                       
-0.005268096923828125                                       
 0.0134124755859375                                         
-0.0230712890625                                            
 0.02794647216796875                                        
-0.0232086181640625                                         
 0.00948333740234375                                        
 0.006622314453125                                          
-0.01650238037109375                                        
 0.015750885009765625                                       
-0.008144378662109375                                       
 0.003818511962890625                                       
-0.0120697021484375                                         
 0.033382415771484375                                       
-0.056797027587890625                                       
 0.06569671630859375                                        
-0.04912567138671875                                        
 0.010997772216796875                                       
 0.0301513671875                                            
-0.05230712890625                                           
 0.045513153076171875                                       
-0.020740509033203125                                       
 0.004383087158203125                                       
-0.0200653076171875                                         
 0.06928253173828125                                        
-0.125232696533203125                                       
 0.146793365478515625                                       
-0.10584259033203125                                        
 0.010234832763671875                                       
 0.0951995849609375                                         
-0.154109954833984375                                       
 0.13674163818359375                                        
-0.065410614013671875                                       
 0.006740570068359375                                       
-0.030101776123046875                                       
 0.15522003173828125                                        
-0.323486328125                                             
 0.417266845703125                                          
-0.32358551025390625                                        
 0.00890350341796875                                        
 0.44036102294921875                                        
-0.8417816162109375                                         
 1                                                          
-0.8077392578125                                            
 0.309543609619140625                                       
 0.309543609619140625                                       
-0.8077392578125                                            
 1                                                          
